
## xl/worksheets/sheet1.xml
8
29
7 | 9 | 11 | 15 | 49 | 51 | 5 | 27 | 58 | 61 | 64 | 66 | 68 | 71 | 76 | 34 | 83
25 | 28 | 39 | 42 | 46 | 47 | 41 | 32 | 135 | 139 | 143 | 146 | 149 | 153 | 168 | 63
187 | 188 | 191 | 192 | 194
196 | 197 | 198 | 192 | 202
25 | 43 | 74 | 77 | 78 | 79 | 81 | 32 | 135 | 206 | 207 | 209 | 211 | 214 | 216 | 63
187 | 217 | 218 | 219 | 220
25 | 57 | 88 | 90 | 93 | 221 | 53 | 55 | 135 | 222 | 223 | 224 | 225 | 226 | 227 | 63
187 | 228 | 229 | 230 | 231
196 | 232 | 233 | 234 | 235
236 | 237 | 238 | 239 | 240
25 | 69 | 107 | 108 | 110 | 241 | 113 | 115 | 135 | 242 | 243 | 244 | 245 | 246 | 247 | 63
187 | 248 | 249 | 250 | 251
196 | 252 | 253 | 254 | 255
96 | 100 | 122 | 126 | 128 | 131 | 80 | 85 | 135 | 256 | 257 | 258 | 259 | 260 | 261 | 262
187 | 263 | 264 | 265 | 266
196 | 267 | 268 | 269 | 270
96 | 100 | 138 | 141 | 128 | 145 | 109 | 112 | 135 | 271 | 272 | 273 | 274 | 275 | 276 | 262
187 | 277 | 278 | 279 | 280
196 | 281 | 282 | 283 | 284
96 | 121 | 285 | 159 | 160 | 161 | 80 | 85 | 135 | 286 | 287 | 288 | 289 | 290 | 291 | 262
187 | 292 | 293 | 294 | 295
196 | 296 | 297 | 298 | 299
96 | 121 | 300 | 301 | 160 | 302 | 80 | 85 | 135 | 303 | 304 | 305 | 306 | 307 | 262
187 | 308 | 309 | 310 | 311
96 | 116 | 169 | 172 | 128 | 174 | 80 | 85 | 135 | 312 | 313 | 314 | 315 | 316 | 317 | 262
187 | 318 | 319 | 320 | 321
196 | 322 | 323 | 324 | 325
96 | 155 | 158 | 179 | 93 | 183 | 98 | 99 | 135 | 326 | 327 | 328 | 329 | 330 | 331 | 63
187 | 332 | 333 | 334 | 335
196 | 336 | 337 | 338 | 339
156 | 164 | 166 | 193 | 128 | 195 | 167 | 85 | 135 | 340 | 341 | 342 | 343 | 344 | 345 | 63
187 | 346 | 347 | 348 | 349
196 | 350 | 351 | 352 | 353
236 | 354 | 355 | 342 | 356
156 | 173 | 199 | 200 | 93 | 201 | 98 | 99 | 135 | 357 | 358 | 359 | 360 | 361 | 362 | 63
187 | 363 | 364 | 365 | 366
196 | 367 | 368 | 369 | 370
156 | 180 | 182 | 203 | 204 | 371 | 123 | 129 | 135 | 372 | 373 | 374 | 375 | 376 | 377 | 63
187 | 378 | 379 | 380 | 381
196 | 382 | 383 | 384 | 385
236 | 386 | 387 | 388 | 389
156 | 150 | 147 | 208 | 210 | 390 | 213 | 215 | 135 | 391 | 392 | 393 | 394 | 395 | 396 | 63
187 | 397 | 398 | 399 | 400
196 | 401 | 402 | 403 | 404
236 | 405 | 406 | 407 | 408


## xl/worksheets/sheet2.xml
1
4
7 | 9 | 11 | 15 | 18 | 21 | 5 | 27 | 30 | 34
25 | 28 | 39 | 42 | 46 | 47 | 41 | 32 | 3.0 | 63
25 | 43 | 74 | 77 | 78 | 79 | 81 | 32 | 2.0 | 63
25 | 57 | 88 | 90 | 93 | 95 | 53 | 55 | 4.0 | 63
25 | 69 | 107 | 108 | 110 | 111 | 113 | 115 | 3.0 | 63
96 | 100 | 122 | 126 | 128 | 131 | 80 | 85 | 3.0 | 63
96 | 100 | 138 | 141 | 128 | 145 | 109 | 112 | 3.0 | 63
96 | 121 | 125 | 159 | 160 | 161 | 80 | 85 | 3.0 | 63
96 | 116 | 169 | 172 | 128 | 174 | 80 | 85 | 3.0 | 63
96 | 155 | 158 | 179 | 93 | 183 | 98 | 99 | 3.0 | 63
156 | 164 | 166 | 193 | 128 | 195 | 167 | 85 | 4.0 | 63
156 | 173 | 199 | 200 | 93 | 201 | 98 | 99 | 3.0 | 63
156 | 180 | 182 | 203 | 204 | 205 | 123 | 129 | 4.0 | 63
156 | 150 | 147 | 208 | 210 | 212 | 213 | 215 | 4.0 | 63


## xl/worksheets/sheet3.xml
2
6
7 | 9 | 13 | 16 | 19 | 20 | 23 | 24
25 | 28 | 31 | 33 | 26 | 32 | 38 | 40
25 | 43 | 45 | 44 | 41 | 32 | 52 | 54
25 | 57 | 62 | 56 | 53 | 55 | 70 | 72
25 | 69 | 82 | 84 | 65 | 67 | 87 | 91
96 | 100 | 103 | 106 | 80 | 85 | 117 | 119
96 | 121 | 124 | 125 | 80 | 85 | 127 | 130
96 | 116 | 140 | 114 | 109 | 112 | 148 | 151
96 | 155 | 157 | 158 | 98 | 99 | 162 | 163
156 | 164 | 165 | 166 | 167 | 85 | 170 | 171
156 | 173 | 175 | 176 | 98 | 99 | 177 | 178
156 | 180 | 181 | 182 | 123 | 129 | 184 | 185
156 | 150 | 186 | 147 | 142 | 144 | 189 | 190

## xl/worksheets/sheet4.xml
0
3
5 | 10 | 12 | 14 | 17 | 22 | 7
26 | 32 | 33 | 35 | 36 | 37 | 25
41 | 32 | 44 | 43 | 48 | 50 | 25
53 | 55 | 56 | 57 | 59 | 60 | 25
65 | 67 | 44 | 69 | 73 | 75 | 25
80 | 85 | 86 | 89 | 92 | 94 | 97
98 | 99 | 101 | 102 | 104 | 105 | 97
109 | 112 | 114 | 116 | 118 | 120 | 96
123 | 129 | 132 | 133 | 134 | 136 | 137
142 | 144 | 147 | 150 | 152 | 154 | 156
