
## xl/worksheets/sheet1.xml
0
7
12 | 19 | 16 | 25 | 27 | 28 | 23 | 32 | 33 | 36 | 38 | 40
44 | 51 | 53 | 54 | 55 | 62 | 48 | 74 | 75 | 78
83 | 86 | 53 | 90 | 93 | 62 | 48 | 74 | 101 | 105
107 | 110 | 53 | 113 | 116 | 120 | 48 | 74 | 123 | 125
127 | 131 | 53 | 136 | 137 | 120 | 48 | 74 | 144 | 147
63 | 64 | 41 | 160 | 162 | 62 | 48 | 74 | 164 | 165
77 | 80 | 41 | 166 | 167 | 62 | 48 | 74 | 168 | 169
31 | 37 | 41 | 170 | 162 | 62 | 48 | 74 | 171 | 172
173 | 174 | 41 | 175 | 176 | 120 | 48 | 74 | 177 | 178
104 | 179 | 114 | 180 | 181 | 120 | 48 | 74 | 182 | 183
121 | 124 | 126 | 184 | 185 | 62 | 48 | 74 | 186 | 187


## xl/worksheets/sheet2.xml
1
6
10 | 12 | 14 | 16 | 18 | 21 | 23
1.0 | 31 | 37 | 41 | 46 | 47 | 48
2.0 | 44 | 51 | 53 | 57 | 59 | 48
3.0 | 63 | 64 | 41 | 68 | 71 | 48
4.0 | 77 | 80 | 41 | 85 | 89 | 48
5.0 | 83 | 86 | 53 | 97 | 98 | 48
6.0 | 104 | 112 | 114 | 117 | 89 | 48
7.0 | 121 | 124 | 126 | 129 | 132 | 48
8.0 | 107 | 110 | 53 | 143 | 59 | 48
9.0 | 127 | 131 | 53 | 154 | 156 | 48
10.0 | 173 | 188 | 41 | 189 | 190 | 48
191
192
193
194

## xl/worksheets/sheet3.xml
2
4
9 | 17 | 20 | 22 | 26 | 28
30 | 35 | 39 | 43 | 49 | 56
65 | 66 | 69 | 72 | 73 | 56
65 | 79 | 82 | 84 | 88 | 56
91 | 95 | 96 | 99 | 102 | 56
106 | 108 | 111 | 118 | 31 | 56
106 | 128 | 133 | 135 | 127 | 138
141 | 142 | 145 | 148 | 150 | 138
152 | 153 | 157 | 159 | 163 | 56

## xl/worksheets/sheet4.xml
3
5
8 | 11 | 13 | 15
1.0 | 24 | 29 | 34
2.0 | 24 | 42 | 45
3.0 | 24 | 50 | 52
4.0 | 58 | 60 | 61
5.0 | 58 | 67 | 70
6.0 | 76 | 81 | 87
7.0 | 76 | 92 | 94
8.0 | 100 | 103 | 109
9.0 | 100 | 115 | 119
10.0 | 122 | 130 | 134
11.0 | 122 | 139 | 140
12.0 | 146 | 149 | 151
13.0 | 155 | 158 | 161

## xl/worksheets/sheet5.xml
195
196
197
198
8 | 199 | 200 | 201 | 202
203 | 204 | 205 | 206
207
208
8 | 199 | 200 | 209 | 202
210 | 211 | 212 | 206
213 | 214 | 215 | 206
216 | 217 | 218 | 206
219 | 220 | 221 | 206
222 | 223 | 224 | 206
225
226
8 | 227 | 228 | 201 | 202
229 | 230 | 231 | 206
232 | 233 | 234 | 206
235 | 236 | 237 | 206
238
239
240
241
242
